13.685735066731771
9.378090540568033
7.982533772786458
7.580269495646159
7.3302639325459795
6.94730790456136
6.764108975728353
6.648181438446045
6.562006155649821
6.428718725840251
6.388704617818196
6.381498495737712
6.350332895914714
6.387413024902344
6.341224988301595
6.281196276346843
6.291538715362549
6.268998781840007
6.275200843811035
6.286575635274251
6.246072610219319
6.2579522132873535
6.260253111521403
6.25707483291626
6.258175055185954
6.247818946838379
6.229568163553874
6.197127024332683
6.225088278452556
6.238089879353841
6.209104061126709
6.1826473871866865
6.207308292388916
6.180193106333415
6.2023665110270185
6.198477586110433
6.213067372639974
6.188255627950032
6.161079088846843
6.1704475084940595
6.179263273874919
6.184816678365071
6.202257792154948
6.14094082514445
6.179702917734782
6.143657525380452
6.157937844594319
6.158443450927734
6.146182854970296
6.139448801676433
6.108365058898926
6.132899920145671
6.105337778727214
6.124549547831218
6.103771686553955
6.08689530690511
6.060410181681315
6.06520938873291
6.005907376607259
6.02302360534668
5.996321837107341
5.935391902923584
5.86477263768514
5.803223927815755
5.718075593312581
5.572618802388509
5.382524490356445
4.834562619527181
4.610662460327148
5.41008202234904
5.700375239054362
5.568936189015706
5.301122506459554
4.843886375427246
4.669943014780681
4.714958190917969
4.481874306996663
4.466791311899821
4.436888376871745
4.292632420857747
4.223199844360352
4.145416736602783
4.120944341023763
4.046358744303386
3.9878721237182617
3.89806334177653
3.8517962296803794
3.7589336236317954
3.620769182840983
8.677873531977335
5.81721289952596
6.662227312723796
6.860708872477214
6.979341506958008
6.949112097422282
6.832635084788005
6.67124605178833
6.468760331471761
6.34976069132487
6.340811252593994
6.309576511383057
6.339853127797444
6.280199845631917
6.239885330200195
6.233369827270508
6.2213466962178545
6.214902559916179
6.204157829284668
6.207135200500488
6.208313783009847
6.182065645853679
6.172427495320638
6.1811215082804365
6.13395341237386
6.122048060099284
6.106208483378093
6.087457497914632
6.074899514516194
6.016764958699544
5.8986765543619795
5.7457505861918134
5.515920321146647
5.904934724171956
6.056108474731445
6.693642934163411
6.747829596201579
6.69062344233195
6.558441321055095
6.486778100331624
6.386097590128581
6.290767987569173
6.2972038586934405
6.313060124715169
6.2691599527994795
6.270078182220459
6.284254868825276
6.2817409833272295
6.274327913920085
6.247551600138347
6.2418897946675616
6.232597827911377
6.241914431254069
6.257972717285156
6.260237693786621
6.237861156463623
6.241445382436116
6.232771873474121
6.238172213236491
6.263713995615642
6.2549136479695635
6.239943981170654
6.241263707478841
6.221320152282715
6.232102235158284
6.254726092020671
6.207673072814941
6.242181460062663
6.205478986104329
6.210241476694743
6.196980794270833
6.2426988283793134
6.1818976402282715
6.195454438527425
6.226568539937337
6.187634309132894
6.207840283711751
6.172308921813965
6.21617857615153
6.193945407867432
6.219396114349365
6.213918050130208
6.191864172617595
6.2061513264973955
6.2059346834818525
6.175612608591716
6.149553140004476
6.202661673227946
6.200422128041585
6.148282686869304
6.168007214864095
6.183614095052083
6.182979742685954
6.14445145924886
6.118679364522298
6.149555365244548
6.1293625831604
6.146801789601644
6.131652196248372
6.118680636088054
6.148382663726807
6.106843630472819
6.122842311859131
6.14862060546875
6.100567976633708
6.102378527323405
6.085583527882894
6.043780167897542
6.0842976570129395
6.0342911084493
6.042820930480957
6.033421675364177
5.986014366149902
5.971535523732503
5.964560349782308
5.937100887298584
5.894251982371013
5.8759541511535645
5.805852095286052
5.867454369862874
5.798381964365642
6.242839972178142
6.654597918192546
6.043139616648356
5.980692386627197
5.965219974517822
5.960522810618083
5.8668131828308105
5.911991278330485
5.855474472045898
5.850200176239014
5.8472358385721845
5.788029829661052
5.718308925628662
5.7427323659261065
5.6588975588480634
5.616822083791097
5.5933159192403155
5.573703765869141
5.524386088053386
5.505641937255859
5.3939104080200195
5.520411014556885
7.357900619506836
8.518249670664469
7.341888268788655
6.099119345347087
6.247390906016032
6.145190080006917
6.290089925130208
6.119578997294108
5.998295148213704
6.0394816398620605
5.982197602589925
5.98508866628011
5.948106288909912
5.908773422241211
5.914574940999349
5.909676869710286
5.870121002197266
5.853163719177246
5.833088715871175
5.822227954864502
5.800600528717041
5.755584081013997
5.7566226323445635
5.73424752553304
5.716376145680745
5.679858684539795
5.592041810353597
5.598829587300618
5.585460503896077
5.539290904998779
5.493557294209798
5.425308068593343
5.4115556081136065
5.346315066019694
5.307317892710368
5.313960711161296
5.23993984858195
5.212532679239909
5.142927169799805
5.149128437042236
5.192159970601399
5.382209777832031
5.582825501759847
5.385124842325847
5.5255452791849775
5.276175657908122
5.291810035705566
5.152340571085612
5.1702774365743
5.117032686869304
5.058772722880046
5.129871050516765
5.08187468846639
5.050754865010579
5.0036514600118
4.972488244374593
4.940117200215657
4.925995985666911
4.902695020039876
4.924126784006755
6.9437689781188965
7.907492955525716
7.343031724294026
6.163588682810466
5.956058502197266
5.833431243896484
5.564803282419841
5.377068996429443
5.2806118329366045
5.240110079447429
5.1864860852559405
5.097355683644612
5.022773424784343
4.963385105133057
4.873993714650472
4.937463124593099
5.072627703348796
4.775174776713054
4.780196666717529
4.711488564809163
5.254498322804769
5.373455206553142
5.071626663208008
5.0411750475565595
5.057553768157959
5.012767155965169
4.9433770179748535
4.919768810272217
4.842806339263916
4.768986543019612
4.666201909383138
4.920767943064372
6.278204282124837
6.414114952087402
5.63131062189738
5.645722071329753
5.655198891957601
5.283392588297526
5.378958225250244
5.194313049316406
5.191331068674724
5.10183588663737
5.054698308308919
5.0303497314453125
4.881004015604655
4.788895448048909
4.680849711100261
5.303585211435954
6.2191751797993975
6.198505242665608
5.929080963134766
5.536616961161296
6.003237088521321
6.847275257110596
7.67496395111084
7.9881165822347
7.854046980539958
7.6716264088948565
7.525648434956868
7.33595069249471
7.285538196563721
7.222495714823405
7.107469876607259
7.024899323781331
6.8528134028116865
6.593210220336914
6.315646807352702
5.992068608601888
5.677265961964925
5.353533585866292
5.046358585357666
4.653348922729492
4.1177888711293535
5.271823088328044
6.707631429036458
6.952233791351318
6.879867394765218
6.661902745564778
6.460851351420085
6.1420572598775225
5.831248601277669
5.4207870165507
5.048346837361653
4.664583206176758
4.537546475728353
4.334129174550374
4.254064559936523
4.20632807413737
3.461606423060099
2.772247632344564
3.946622689565023
4.885621229807536
4.881691614786784
3.856234312057495
4.06390913327535
3.8373297850290933
3.86633308728536
3.6285627683003745
3.942677656809489
3.5739421049753823
2.5534188747406006
2.444134076436361
2.2147210439046225
2.164970318476359
2.052083134651184
1.965161124865214
1.634614070256551
1.648197054862976
