16.27920118967692
7.5506307284037275
7.446081797281901
6.607444763183594
6.0696647961934405
6.028958320617676
5.9567999839782715
5.821548779805501
5.679182211558024
5.685403029123942
5.640483856201172
5.636524677276611
5.598183314005534
5.569449265797933
5.566895961761475
5.553596019744873
5.54307746887207
5.5203860600789385
5.516789595286052
5.5024387041727705
5.487993876139323
5.484620889027913
5.496718565622966
5.449162642161052
5.476541201273601
5.49237044652303
5.484681129455566
5.467270851135254
5.443981170654297
5.43820858001709
5.440157254536946
5.457121690114339
5.457288424173991
5.433007717132568
5.407009601593018
5.3986789385477705
5.406348705291748
5.422143459320068
5.42358938852946
5.393333435058594
5.397013028462728
5.38268518447876
5.3868123690287275
5.419969876607259
5.360962708791097
5.378992398579915
5.384794394175212
5.371999899546306
5.35891071955363
5.345760981241862
5.3591993649800616
5.345511754353841
5.340818723042806
5.330682436625163
5.309207280476888
5.293495972951253
5.301272392272949
5.258657296498616
5.268384138743083
5.247441132863362
5.198592821756999
5.163935820261638
5.138570785522461
5.091493129730225
5.269635518391927
5.141534964243571
5.138068199157715
5.01967716217041
4.943842887878418
4.8252129554748535
4.6947395006815595
4.550596237182617
4.39407221476237
4.165687719980876
3.8689382870992026
3.4121949672698975
2.983997027079264
2.46610959370931
3.594237963358561
3.669568141301473
2.818492809931437
2.0618602434794107
5.317200660705566
5.562427202860515
5.7113362948099775
5.890782356262207
5.826023896535237
5.8307679494222
5.814546902974446
5.754513104756673
5.6715718905131025
5.6243217786153155
5.554320653279622
5.524984518686931
5.493204275767009
5.47969404856364
5.473383903503418
5.4734272956848145
5.4704060554504395
5.450796286265056
5.486006736755371
5.440241813659668
5.430769920349121
5.44280465443929
5.420214970906575
5.426072438557942
5.418802261352539
5.418752511342366
5.411426067352295
5.410744508107503
5.397543271382649
5.384099960327148
5.391019503275554
5.388912677764893
5.365974426269531
5.374891757965088
5.365938027699788
5.352710088094075
5.341159661610921
5.348371505737305
5.3257975578308105
5.351509730021159
5.329772154490153
5.309206008911133
5.279702504475911
5.278086185455322
5.2821892102559405
5.251101016998291
5.244553248087565
5.219803651173909
5.18885596593221
5.150786240895589
5.092432181040446
5.052287896474202
4.947494824727376
4.906482060750325
4.787964820861816
4.587093035380046
4.356868267059326
3.9812653064727783
3.686103661855062
3.2662829558054605
2.7685290972391763
2.3516709009806314
2.08332892258962
1.9336957931518555
1.92272945245107
1.8086199760437012
1.7263898849487305
1.691321889559428
1.652024467786153
1.6447832981745403
1.612635890642802
1.582123875617981
1.5760249296824138
1.544571042060852
1.533823808034261
1.5536255439122517
1.5396612485249836
1.5613313913345337
1.54251495997111
1.5418195724487305
1.5512950420379639
1.5343129237492878
1.5657664934794109
1.5664595762888591
1.5809404452641804
1.6175565719604492
1.628469427426656
1.596177299817403
1.5733952124913533
1.5635573466618855
1.5580885410308838
1.5500898361206055
1.5396792093912761
1.5616656144460042
1.5592543284098308
1.5543567339579265
1.5455100536346436
1.5268319447835286
1.5847191015879314
1.5153737862904866
1.546356995900472
1.54839821656545
1.5444557269414265
1.5307867129643757
1.5098328987757366
1.5193939208984375
1.5301073392232258
1.5237959225972493
1.515152374903361
1.5211567083994548
1.514963944753011
1.4948770602544148
1.4881071249643962
1.4968087673187256
1.5088374217351277
1.5124239126841228
1.4876704613367717
1.5056451956431072
1.4919097026189168
1.5189677079518635
1.5514326492945354
1.5351940393447876
1.5056474208831787
1.5293419758478801
1.5733785231908162
1.543880860010783
1.556558887163798
1.5264841715494792
1.5439531803131104
1.5324854453404744
1.5056126515070598
1.501722812652588
1.5037990808486938
1.5177419583002727
1.5542815923690796
1.5546481609344482
1.5199786027272542
1.520800511042277
1.5383714437484741
1.5281009276707966
1.514933188756307
1.5201497077941895
1.5090089639027913
1.4895693858464558
1.4919727245966594
1.4631036520004272
1.4708681106567383
1.478934645652771
1.4773068030675252
1.4550862709681194
1.4638693730036418
1.4803866545359294
1.4918649991353352
1.4879400730133057
1.470004955927531
1.4803171157836914
1.4877562125523884
1.4820872942606609
1.4645812511444092
1.478605071703593
1.4753444989522297
1.440382997194926
1.423718015352885
1.433247486750285
1.468371073404948
1.4590373833974202
1.4792968034744263
1.4618526697158813
1.457302451133728
1.4668126106262207
1.471061110496521
1.520108938217163
1.7333133618036907
1.6805557012557983
1.6720215479532878
1.5651146173477173
1.5299254258473713
1.4990898768107097
1.5019837220509846
1.4772953192392986
1.4672120014826457
1.49040949344635
1.466939091682434
1.4900089899698894
1.4968249400456746
1.4527497291564941
1.4515734910964966
1.4711101055145264
1.4760102430979412
1.4228472312291462
1.4444042841593425
1.4536982774734497
1.4237422545750935
1.4436684846878052
1.4474960962931316
1.43419615427653
1.4123082955678303
1.4157814582188923
1.421047290166219
1.4514801899592082
1.456207513809204
1.483090837796529
1.525515874226888
1.4559808572133381
1.4783700704574585
1.4741840362548828
1.439556876818339
1.4301079114278157
1.4245580037434895
1.442055066426595
1.4132694800694783
1.4214025338490803
1.4444353580474854
1.4349468151728313
1.4405105511347454
1.4462902943293254
1.426961342493693
1.4130860964457195
1.4202423095703125
1.4037156105041504
1.3829759359359741
1.3919787804285686
1.3976134459177654
1.4073646068572998
1.4148025512695312
1.432782729466756
1.6318633556365967
1.6737570365269978
1.8395962715148926
1.7478270530700684
1.6714557806650798
1.684492786725362
1.5921279986699421
1.5472211837768555
1.5146548350652058
1.4991239706675212
1.4906638463338215
1.480858604113261
1.425007939338684
1.4569642941157024
1.446972131729126
1.443662166595459
1.442999045054118
1.4338324069976807
1.4214866558710735
1.4306707779566448
1.3948378562927246
1.402007261912028
1.398486852645874
1.397386868794759
1.3942997058232625
1.389370322227478
1.3787849346796672
1.3950552145640056
1.4011166493097942
1.3880870342254639
1.3943205674489338
1.3921531438827515
1.382405122121175
1.383746862411499
1.3963289260864258
1.4066861073176067
1.5953722794850667
1.6212838093439739
1.8018931945164998
1.6633035739262898
1.5904888312021892
1.5722484985987346
1.5185362497965496
1.4623286724090576
1.445456902186076
1.422844370206197
1.4010128180185955
1.4193902413050334
1.397880991299947
1.396564245223999
1.3815640211105347
1.4027973810831706
1.3760726849238079
1.3721654812494914
1.3867787917455037
1.371071418126424
1.372433106104533
1.3908723592758179
1.3658005793889363
1.380936622619629
1.3871071736017864
1.377560019493103
1.3457420269648235
1.3550139665603638
1.342975378036499
1.3394370873769124
1.3277167876561482
1.3358946641286213
1.3321652015050252
1.3493580023447673
1.3717776934305828
1.3734229803085327
1.4550844033559163
1.4118465979894002
1.4312951564788818
1.4199895858764648
1.4345369736353557
1.426599423090617
1.4270974397659302
1.3935896555582683
1.357241153717041
1.3367582162221272
1.347699483235677
1.335468014081319
1.3365111748377483
1.335255742073059
1.358046531677246
1.3663567304611206
1.3367124398549397
1.327057162920634
1.3593413829803467
1.36809504032135
