62.80299631754557
28.407082239786785
27.64502461751302
23.17008399963379
22.55089060465495
22.606664657592773
22.044810612996418
21.61399269104004
21.413136800130207
21.297041575113933
21.214990615844727
21.12841542561849
21.03931490580241
20.96099090576172
20.902306874593098
20.84494908650716
20.792856852213543
20.746200561523438
20.70284652709961
20.666459401448567
20.6310240427653
20.59564971923828
20.56079037984212
20.528072992960613
20.49888038635254
20.474613825480144
20.452991485595703
20.433175404866535
20.41703732808431
20.40376345316569
20.391110102335613
20.37903658548991
20.367764790852863
20.35646629333496
20.345308303833008
20.334030151367188
20.322338740030926
20.310478846232098
20.29825782775879
20.285298665364582
20.271706263224285
20.257029851277668
20.241018931070965
20.223467508951824
20.203760782877605
20.181334177652996
20.15538724263509
20.12481689453125
20.088237762451172
20.04387601216634
19.989055633544922
19.920785268147785
19.83469581604004
19.724231719970703
19.58016586303711
19.386562983194988
19.113406499226887
18.701365788777668
18.04098065694173
17.085219701131184
16.198970794677734
15.303799947102865
14.509345372517904
13.611300786336264
12.657598495483398
14.225345293680826
16.201890627543133
29.62638505299886
17.95520814259847
21.563323338826496
22.148579915364582
22.318423589070637
22.0624574025472
21.563912709554035
21.232950846354168
20.93983205159505
20.79937235514323
20.699062983194988
20.70531463623047
20.71017901102702
20.7060063680013
20.663754145304363
20.63096046447754
20.592273076375324
20.563679377237957
20.538259506225586
20.521796544392902
20.502689361572266
20.48286501566569
20.460751215616863
20.43787892659505
20.41156514485677
20.380407333374023
20.33958625793457
20.281431198120117
20.19240442911784
20.04797108968099
19.794830322265625
19.272810618082683
17.66335678100586
15.501341501871744
19.42061646779378
20.892310460408527
22.089813232421875
21.74907684326172
21.251853942871094
21.0031795501709
20.881704330444336
20.77343241373698
20.754649480183918
20.736324946085613
20.658015569051106
20.60069529215495
20.558401107788086
20.52875518798828
20.52008120218913
20.506907780965168
20.49122365315755
20.475798924763996
20.45841407775879
20.4459966023763
20.434864044189453
20.424596150716145
20.415133794148762
20.40553092956543
20.397132237752277
20.389536539713543
20.382349014282227
20.375466028849285
20.368722915649414
20.362387975056965
20.356316884358723
20.350356419881184
20.34446652730306
20.338711420694988
20.333104451497395
20.327632268269856
20.322325388590496
20.317076365152996
20.311852137247723
20.306719462076824
20.301716486612957
20.296783447265625
20.29193115234375
20.287150065104168
20.282386144002277
20.277641932169598
20.272933959960938
20.268246332804363
20.263556162516277
20.2588628133138
20.254182815551758
20.249600092569988
20.245075861612957
20.240597407023113
20.23614438374837
20.231754938761394
20.22741444905599
20.223113377888996
20.218831380208332
20.214576721191406
20.210351943969727
20.20614178975423
20.201934178670246
20.1977481842041
20.193560282389324
20.18938382466634
20.185204188028973
20.181018829345703
20.17684046427409
20.172656377156574
20.168453852335613
20.16423225402832
20.15999412536621
20.155724207560223
20.151421229044598
20.147075653076172
20.142697016398113
20.138273239135742
20.133808771769207
20.12928581237793
20.12468973795573
20.120051701863606
20.11535708109538
20.110583623250324
20.105716069539387
20.10078493754069
20.09577242533366
20.090652465820312
20.085434595743816
20.080122629801433
20.07470194498698
20.069154739379883
20.063432057698567
20.057579040527344
20.05162239074707
20.045469284057617
20.039116541544598
20.032623291015625
20.025928497314453
