15.721474329630533
8.671615282694498
8.033250331878662
7.154385248819987
7.056377092997233
7.017781416575114
6.831137021382649
6.62025260925293
6.565828800201416
6.528086026509603
6.480299631754558
6.422216097513835
6.412184874216716
6.387389024098714
6.365262508392334
6.3352664311726885
6.349857012430827
6.34291394551595
6.330203851064046
6.3184428215026855
6.2846449216206866
6.276395956675212
6.28639014561971
6.274535338083903
6.268806457519531
6.287971496582031
6.246076901753743
6.307033856709798
6.258238951365153
6.258285999298096
6.245607376098633
6.241392453511556
6.2399617830912275
6.199426651000977
6.223718484242757
6.209000587463379
6.209496180216472
6.201466719309489
6.204555193583171
6.216831048329671
6.2156728108723955
6.1523895263671875
6.195292154947917
6.166777610778809
6.183874766031901
6.16630220413208
6.158970991770427
6.175673325856526
6.162937005360921
6.158688545227051
6.151191711425781
6.153091907501221
6.109360376993815
6.175940036773682
6.165865580240886
6.133049488067627
6.1165211995442705
6.082461833953857
6.084692319234212
6.059700965881348
6.032309532165527
6.029899438222249
6.011148134867351
5.946475346883138
5.890438238779704
5.762920538584392
5.644117832183838
5.380252043406169
4.920762062072754
5.138012170791626
5.676353931427002
6.184988339742024
6.2414655685424805
6.44396956761678
6.347419897715251
6.324735959370931
6.316727479298909
6.266794840494792
6.201063474019368
6.178894837697347
6.069356600443522
6.036635398864746
5.9425309499104815
5.92125670115153
5.824862162272136
5.785931428273519
5.6806685129801435
5.67030127843221
5.618862311045329
5.603130340576172
5.50163729985555
5.439294338226318
5.387671788533528
5.318513711293538
5.202117125193278
5.079478740692139
4.972802956899007
4.833352883656819
4.699539343516032
4.541475137074788
4.466150442759196
4.373372713724772
4.280295372009277
4.094231128692627
3.792298952738444
3.426613171895345
2.8180618286132812
2.9339729944864907
4.483917395273845
4.836031277974446
4.710274378458659
4.234945297241211
3.107910394668579
2.1995771328608194
2.3176693518956504
2.1828555266062417
1.7433319489161174
1.559706171353658
1.6119332313537598
1.6081549326578777
1.540168325106303
1.4708197514216106
1.4194800456364949
1.4606088797251384
1.4681525627772014
1.430535078048706
1.4153446753819783
1.4028018712997437
1.4199209213256836
1.4110746781031291
1.3986848592758179
1.3889991442362468
1.3707837263743083
1.3666122357050579
1.3679213921229045
1.3685404062271118
1.3799679279327393
1.3661915063858032
1.3524500926335652
1.3422387043635051
1.362504482269287
1.346327265103658
1.3439902067184448
1.35175617535909
1.3623853127161663
1.3529304663340251
1.3479801416397095
1.3372231324513753
1.3470114469528198
1.3374416033426921
1.3390237092971802
1.3346281846364338
1.3211785952250164
1.3350456555684407
1.3386642535527546
1.3506728013356526
1.3427842458089192
1.3375897407531738
1.3401069641113281
1.3430718580881755
1.3555452426274617
1.357028881708781
1.372566779454549
1.3689014911651611
1.384227991104126
1.341218113899231
1.3219595750172932
1.3547129233678181
1.3028026421864827
1.330709457397461
1.3173669974009197
1.3328624566396077
1.299524466196696
1.301339030265808
1.3001917203267415
1.3209809064865112
1.2945218483606975
1.3168110052744548
1.2858108679453533
1.2844059069951375
1.3083178997039795
1.3088658650716145
1.2918078899383545
1.312963604927063
1.3157274723052979
1.3055232365926106
1.3043952385584514
1.29742165406545
1.3143468300501506
1.2957067489624023
1.3078199625015259
1.291843096415202
1.2887394030888875
1.2748926480611165
1.303495208422343
1.3553831577301025
1.3638278245925903
1.3244614998499553
1.3428973356882732
1.3261009057362874
1.3593522310256958
1.378662387530009
1.3626500765482585
1.3622254133224487
1.32875394821167
1.2890453735987346
1.2989905675252278
1.2934468587239583
1.291110356648763
1.2708084185918171
1.2698220411936443
1.2787555853525798
1.2890641291936238
1.2701005538304646
1.248325785001119
1.2501653830210369
1.26143217086792
1.280993660291036
1.2552030086517334
1.2608181635538738
1.261816183725993
1.2787238756815593
1.259199062983195
1.2798998753229778
1.2605996131896973
1.273175040880839
1.254602313041687
1.2680541674296062
1.2880355914433796
1.2613463799158733
1.3071569204330444
1.2892162402470906
1.2658576965332031
1.242996613184611
1.247582197189331
1.3214786450068157
1.2559057474136353
1.2395683924357097
1.2367860078811646
1.225983699162801
1.227693796157837
1.2195841471354167
1.2302830219268799
1.2877111832300823
1.2395191192626953
1.2571937243143718
1.2181430260340373
1.2245092789332073
1.2805367708206177
1.2256956895192463
1.234235127766927
1.2406509319941204
1.2888540824254353
1.304002046585083
1.2411593198776245
1.257926305135091
1.2179934978485107
1.2202039957046509
1.182019869486491
1.1961036920547485
1.2061280012130737
1.2112634579340618
1.1950103839238484
1.2206554015477498
1.1966687043507893
1.2681684096654255
1.1986955801645915
1.2674119869867961
1.3812917868296306
1.423878272374471
1.3317956527074177
1.3079510132471721
1.2379586696624756
1.2732218901316326
1.2645860115687053
1.2554639180501301
1.2128948370615642
1.1861120462417603
1.2036606073379517
1.182076374689738
1.2073715527852376
1.2123477856318157
1.162995974222819
1.1717866659164429
1.1929200887680054
1.1809022029240925
1.1481863657633464
1.1624492406845093
1.1484405994415283
1.1430299679438274
1.1199700832366943
1.1512496868769329
1.2045803467432659
1.2006674607594807
1.1888397534688313
1.1532032489776611
1.1474688450495403
1.1362838347752888
1.1290818055470784
1.1190251509348552
1.1258633136749268
1.1274849971135457
1.1095961729685466
1.1274568637212117
1.1193170150121052
1.158177336057027
1.127217213312785
1.1146757205327351
1.112962285677592
1.1626463731129963
1.110559622446696
1.103626807530721
1.1088695526123047
1.1734275023142497
1.127463420232137
1.1360560655593872
1.1408461332321167
1.263399640719096
1.2989591360092163
1.3198246955871582
1.2518518765767415
1.2449768781661987
1.192155917485555
1.1466410557428997
1.172421892484029
1.1820277372996013
1.1439451773961384
1.127043604850769
1.1135512987772624
1.115573525428772
1.1058320999145508
1.1207805077234905
1.125529686609904
1.1138793627421062
1.094991683959961
1.1199142932891846
1.1683120330174763
1.2024308443069458
1.1284290552139282
1.0957979361216228
1.1049545605977376
1.1094292799631755
1.0890472332636516
1.0885026454925537
1.1283695697784424
1.131367524464925
1.145398696263631
1.1296959320704143
1.083491047223409
1.10141122341156
1.0829426050186157
1.0867381890614827
1.0763954321543376
1.1148563623428345
1.1061890920003254
1.1122334400812786
1.1514796018600464
1.272542158762614
1.2686158021291096
1.2053847312927246
1.1380982001622517
1.1454092661539714
1.097399155298869
1.111668348312378
1.1172576347986858
1.1332629521687825
1.1041717926661174
1.0915217002232869
1.087541937828064
1.0844077269236247
1.0737106402715046
1.0609534978866577
1.0648475488026936
1.0596797863642375
1.063516616821289
1.0641276836395264
1.1112337509791057
1.1214032173156738
1.193299134572347
1.169030745824178
1.135875940322876
1.0915900071461995
1.1061981519063313
1.0892021656036377
1.0663731495539348
1.0770455598831177
1.1322089831034343
1.133305847644806
1.1281284093856812
1.1280380090077717
1.1149551471074421
1.107608159383138
1.0473440488179524
1.0697069764137268
1.0963998635609944
1.0829052925109863
1.121246616045634
1.096775492032369
1.0735740661621094
1.0742383003234863
