138.9797019958496
25.835428873697918
27.232046127319336
23.662420908610027
20.790014266967773
19.88121795654297
19.61256154378255
19.683683395385742
19.63727060953776
19.44524574279785
19.214866638183594
19.04946009318034
18.950968424479168
18.888079325358074
18.85608736673991
18.831572850545246
18.796125411987305
18.766002655029297
18.73227373758952
18.70928446451823
18.690120697021484
18.678436279296875
18.66619936625163
18.654942830403645
18.643420537312824
18.63205909729004
18.622164408365887
18.613113403320312
18.604771931966145
18.59733517964681
18.590167999267578
18.583363850911457
18.577051162719727
18.57083002726237
18.56522051493327
18.559653600056965
18.554511388142902
18.54978370666504
18.544418334960938
18.54031244913737
18.53521982828776
18.530765533447266
18.52643394470215
18.521570841471355
18.517447153727215
18.512675603230793
18.507996877034504
18.503616333007812
18.498356501261394
18.493502934773762
18.488128026326496
18.482386271158855
18.476701736450195
18.470070521036785
18.46324412027995
18.45572344462077
18.44727834065755
18.438360850016277
18.428308486938477
18.41663932800293
18.40379269917806
18.389563878377277
18.373022715250652
18.353492101033527
18.331533432006836
18.306087493896484
18.27562967936198
18.23950958251953
18.196820576985676
18.144954681396484
18.081586837768555
18.003517786661785
17.904263814290363
17.775829950968426
17.604986826578777
17.366331736246746
17.01000467936198
16.420464833577473
15.243218421936035
14.140153566996256
16.02917416890462
17.954254150390625
18.413096110026043
18.58265558878581
18.65204429626465
18.68317985534668
18.69930076599121
18.704744974772137
18.704090754191082
18.70178286234538
18.698888778686523
18.693531672159832
18.68675994873047
18.67999203999837
18.671300252278645
18.661776224772137
18.6521053314209
18.641955693562824
18.63088035583496
18.61934979756673
18.60684585571289
18.59373410542806
18.579608917236328
18.56458346048991
18.5482603708903
18.530773162841797
18.51169776916504
18.491133371988933
18.46847979227702
18.443753560384113
18.416330337524414
18.385820388793945
18.35161781311035
18.31293233235677
18.268810907999676
18.21802584330241
18.159077326456707
18.090055465698242
18.0084171295166
17.911422729492188
17.794806798299152
17.65399106343587
17.4819278717041
17.269060770670574
17.000961939493816
16.65541394551595
16.195460001627605
15.560039202372232
14.655463218688965
13.46052614847819
12.62152894337972
11.588239987691244
11.401570002237955
11.436293284098307
12.242940902709961
13.327287991841635
12.141375223795572
11.432595252990723
11.672023137410482
11.429041226704916
10.284968694051107
10.318277359008789
32.36794900894165
16.88051160176595
19.339646021525066
19.438929239908855
18.972557703653973
18.545862833658855
17.895370483398438
16.92595036824544
15.943566958109537
15.712827682495117
15.461304982503256
14.861153920491537
13.85098393758138
40.471683502197266
19.949673970540363
20.251113255818684
20.497477213541668
20.311379114786785
20.140830357869465
19.88573455810547
19.650585174560547
19.40809694925944
19.24706967671712
19.058124542236328
18.941138585408527
18.810814539591473
18.71633529663086
18.606685002644856
18.493990580240887
18.38443946838379
18.275668462117512
18.17009162902832
18.057106653849285
17.937623977661133
17.802026748657227
17.64585304260254
17.465176900227863
17.249278386433918
16.987369537353516
16.661949793497723
16.24938710530599
15.740899403889975
15.23185666402181
15.117526690165201
14.688443183898926
14.318401654561361
13.97991689046224
13.435614903767904
12.925313313802084
12.393766403198242
12.024806340535482
11.737343152364096
11.475406010945639
11.304586410522461
11.129496256510416
10.961285273234049
10.846415837605795
10.726566314697266
10.635631561279297
10.552010854085287
10.472709019978842
10.393760363260904
10.333946545918783
10.235940933227539
10.1907377243042
10.092732429504395
10.03402582804362
9.97054672241211
9.903656005859375
9.849091211954752
9.7902250289917
9.742711702982584
9.676253318786621
9.64370600382487
9.657087008158365
9.62241268157959
9.544099807739258
9.691410700480143
11.162365595499674
12.995696385701498
12.54283364613851
11.586329460144043
13.788700103759766
15.764159202575684
16.364410400390625
16.619455973307293
16.718193689982098
16.730995814005535
16.69146219889323
16.61407216389974
16.506914774576824
16.375381469726562
16.22219403584798
16.049236297607422
15.858251571655273
15.650524775187174
15.42749277750651
15.191419919331869
14.945879618326822
14.6961669921875
14.449211120605469
14.214225769042969
14.003154754638672
13.8264373143514
13.684261004130045
13.569862047831217
13.473549207051596
13.376312573750814
13.2626740137736
13.12178103129069
12.949421882629395
12.745539029439291
12.51095708211263
12.248563130696615
11.971426645914713
11.698402404785156
11.425416310628256
11.160743713378906
10.94202740987142
10.791448593139648
10.702078501383463
10.648419380187988
10.609495162963867
10.564018885294596
10.50881258646647
10.447589238484701
10.383890469868978
10.322105725606283
10.263899167378744
10.208128929138184
10.152015686035156
10.096999804178873
10.041459719340006
9.984514554341635
9.927859942118326
9.86990737915039
9.813560803731283
9.757626215616861
9.705761909484863
9.654647827148438
9.603511810302734
9.556363105773926
9.507678349812826
9.461564064025879
9.414435704549154
9.370943069458008
9.327692349751791
9.289389610290527
9.253220558166504
9.230936686197916
9.25128205617269
9.204302787780762
9.21014372507731
9.106425285339355
9.170223236083984
9.180683453877768
9.165263811747232
9.167533238728842
9.485516866048178
10.483259518941244
11.134922663370768
14.627047856648764
16.574132283528645
17.162455240885418
17.433168411254883
17.563342412312824
17.619219462076824
17.63296953837077
17.620763142903645
17.586976369222004
17.535964330037434
17.472806294759113
17.40002950032552
17.319733301798504
17.232267379760742
17.138009389241535
17.037729899088543
16.931076685587566
16.817848205566406
16.697710037231445
16.570384979248047
16.435866673787434
16.294029871622723
16.144965807596844
15.988925615946451
15.826356887817383
15.658066749572754
15.485223134358725
15.309509913126627
15.133229891459147
14.959325790405273
14.791387557983398
14.63303311665853
14.487515131632486
14.357964197794596
14.24666945139567
14.153289159138998
14.075709025065104
14.01194953918457
13.957804361979166
13.910506884256998
13.867523829142252
13.82677936553955
13.787944793701172
13.751856486002604
13.718929290771484
13.689253489176432
13.662072817484537
13.636281649271647
13.610929807027182
13.58541488647461
13.559405644734701
13.532784779866537
13.505399386088053
13.47700309753418
13.447197596232096
13.415457089742025
13.381143569946289
13.343446095784506
13.301279067993164
13.253192265828451
13.19714101155599
13.13007640838623
13.04682445526123
12.940120061238607
12.803361256917318
12.62971560160319
12.41866938273112
12.178204536437988
11.924921989440918
11.667131741841635
11.404404322306315
11.163966178894043
10.964091300964355
10.820513407389322
10.710550626118978
10.626809120178223
10.545604387919107
10.456749280293783
10.364092508951822
10.270166714986166
10.177939414978027
10.088408470153809
10.003481229146322
9.919452031453451
9.835209210713705
9.750662485758463
9.668701807657877
9.590336799621582
9.516338984171549
9.45119539896647
9.394522666931152
9.340871810913086
9.296473821004232
9.252591451009115
9.216751416524252
9.172388076782227
9.13736883799235
