15.16441822052002
8.276785532633463
7.478329976399739
7.258355458577474
6.821952819824219
6.611292839050293
6.519276936848958
6.50499153137207
6.444244543711345
6.3898499806722
6.38235346476237
6.360511461893718
6.360487778981526
6.333813031514485
6.3210577964782715
6.306784947713216
6.299947579701741
6.2933932940165205
6.283771832784017
6.276806672414144
6.269006570180257
6.263712724049886
6.256208737691243
6.249485492706299
6.241440296173096
6.232488950093587
6.2220509847005205
6.2094197273254395
6.19251823425293
6.170106252034505
6.137307643890381
6.08471139272054
5.9945346514383955
5.826863765716553
5.499231656392415
4.728286107381185
4.775497198104858
6.560348033905029
6.341703097025554
6.745569229125977
6.546758969624837
6.468633969624837
6.263159116109212
6.066943009694417
5.891927242279053
5.638784249623616
5.512979666392009
5.285734176635742
4.998058001200358
4.79171355565389
4.778687000274658
4.718612988789876
4.5964423815409345
4.483113924662272
4.306448459625244
4.0183335940043134
3.260511636734009
4.765360514322917
6.326167901357015
7.322491645812988
7.222729682922363
7.211731592814128
7.255401611328125
7.082783857981364
6.820487976074219
6.681343873341878
6.519039789835612
6.369846820831299
6.314001401265462
6.330336252848308
6.288506984710693
6.191332817077637
6.107457637786865
6.006665388743083
5.8389004071553545
5.55191707611084
5.0938669840494795
4.383296489715576
7.360235850016276
7.196967601776123
7.528492450714111
7.473180294036865
7.311666329701741
7.070473670959473
6.685821533203125
5.90391747156779
10.240004380544027
6.772105693817139
7.736328125
7.635948499043782
7.577057043711345
7.5663371086120605
7.543697992960612
7.500127633412679
7.452725092569987
7.4118954340616865
7.373934745788574
7.332506020863851
7.287501335144043
7.243796666463216
7.203183650970459
7.161619345347087
7.11513074239095
7.0689670244852705
7.0248565673828125
6.982461293538411
6.940284093221028
6.897202014923096
6.852978388468425
6.807244618733724
6.7574388186136884
6.7047014236450195
6.6528269449869795
6.602928797403972
6.554980595906575
6.508345444997151
6.462236404418945
6.415999253590901
6.3689500490824384
6.320179621378581
6.268392562866211
6.212118784586589
6.150196075439453
6.081809997558594
6.006620724995931
5.9238996505737305
5.832755883534749
5.731690406799316
5.619808673858643
5.499071915944417
5.375039259592692
5.257301489512126
5.156189441680908
5.073591709136963
4.999126434326172
4.925463040669759
4.858233610788981
4.802852153778076
4.756943702697754
4.717132409413655
4.683712641398112
4.657004992167155
4.634716033935547
4.615011215209961
4.597652912139893
4.581885814666748
4.5666267077128095
4.5516357421875
4.536960601806641
4.522510687510173
4.50836976369222
4.494697729746501
4.481398105621338
4.468325773874919
4.455425262451172
4.442630926767985
4.4298637708028155
4.417039235432942
4.404153505961101
4.391200701395671
4.378187338511149
4.365198135375977
4.352139790852864
4.338842391967773
4.324731667836507
4.308834393819173
4.289456208546956
4.2658843994140625
4.239280064900716
4.20851198832194
4.17597754796346
4.141821384429932
4.106188456217448
4.069670677185059
4.032505512237549
3.9931058088938394
3.949958324432373
3.903389056523641
3.8532023429870605
3.800428628921509
3.727688709894816
3.604804833730062
4.251289526621501
6.428196907043457
6.564586162567139
6.515247344970703
6.629295190175374
6.547847270965576
6.439831415812175
6.430166403452556
6.370488166809082
6.257656097412109
6.18321959177653
6.12160078684489
6.035127321879069
5.960239887237549
5.885150750478108
5.799384593963623
5.7069886525472
5.611494382222493
5.513541539510091
5.41667906443278
5.327250957489014
5.24872620900472
5.181131998697917
5.120704809824626
5.06277068456014
5.00527811050415
4.949306488037109
4.8957756360371905
4.844151496887207
4.793866793314616
4.744977315266927
4.697797616322835
4.652165412902832
4.608150005340576
4.56596565246582
4.525741418202718
4.4877950350443525
4.452603816986084
4.420997937520345
4.393935521443685
4.370422840118408
4.349024931589763
4.327438036600749
4.303882916768392
4.277387619018555
4.247069676717122
4.213736852010091
4.178380648295085
4.141413847605388
4.103194236755371
4.062931378682454
4.0204267501831055
3.9765001138051352
3.930966059366862
3.880749225616455
3.8281070391337075
3.7738874753316245
3.7207578818003335
3.67154328028361
3.6242725054423013
3.507667859395345
4.524849971135457
5.949221928914388
6.266892592112224
6.235139846801758
6.111053625742595
5.972141106923421
5.76383097966512
5.457919597625732
5.142420927683513
4.917246659596761
4.856687545776367
4.776831944783528
4.547632217407227
4.3223090171813965
4.080681324005127
3.9274097283681235
3.8325443267822266
3.686285654703776
4.315407594045003
5.935283819834392
6.574721336364746
6.704110145568848
6.6812669436136884
6.6685638427734375
6.672905921936035
6.624154090881348
6.534590244293213
6.458023389180501
6.387781620025635
6.302971522013347
6.210438251495361
6.130138238271077
6.05484135945638
5.974417686462402
5.895691712697347
5.814440409342448
5.723486105600993
5.623283227284749
5.51547638575236
5.402733484903972
5.288946310679118
5.1802910168965655
5.0841623942057295
5.006068706512451
4.9463456471761065
4.897192637125651
4.850375970204671
4.8049116134643555
4.763428688049316
4.725681622823079
4.68881877263387
4.65038537979126
4.609453201293945
4.565290451049805
4.516671339670817
4.462286154429118
4.402180830637614
4.33687178293864
4.264153798421224
4.200074036916097
4.1537760098775225
4.107366561889648
4.0707956949869795
4.026422341664632
3.975875457127889
3.92256498336792
3.869662284851074
3.8176000912984214
3.7688417434692383
3.715477228164673
3.6644346714019775
3.6128953297932944
3.5119402408599854
3.438735008239746
4.37025515238444
4.268279314041138
4.082655429840088
5.47279691696167
6.044703483581543
6.140839417775472
6.115056832631429
6.030473232269287
5.880259831746419
5.667072455088298
5.434065183003743
5.200137774149577
4.981752077738444
4.847081184387207
4.82114823659261
4.776095549265544
4.643967310587565
4.509918689727783
4.391772747039795
4.234762032826741
4.0107475121816
3.89172625541687
3.7830065886179605
3.624285936355591
3.338728109995524
3.6891069412231445
3.707240343093872
4.668201605478923
5.98844051361084
6.640248616536458
6.796280225118001
6.826092878977458
6.819989204406738
6.791705131530762
6.74396816889445
6.678953806559245
6.612921237945557
6.546149094899495
6.471693833669026
6.387271881103516
6.293187141418457
6.188564459482829
6.073479970296224
5.952813466389974
5.834206740061442
5.723542054494222
5.625068187713623
5.537519613901774
5.447193781534831
5.342301368713379
5.2290574709574384
5.1208086013793945
5.02392578125
4.940298398335774
4.8732045491536455
4.82258145014445
4.783581574757894
4.75030533472697
4.720053354899089
4.692866166432698
4.66886043548584
4.647127151489258
4.626563390096028
4.6064346631368
4.586544672648112
4.566928068796794
4.547464211781819
4.527830441792806
4.507730007171631
4.486952304840088
4.465326150258382
4.442712783813477
4.418961366017659
4.393967946370442
4.367754300435384
4.340725898742676
4.313699722290039
4.286775271097819
4.259624640146892
4.231781482696533
4.2021230061848955
4.1697103182474775
4.13130521774292
